684
294
455
486
660
612
456
15
788
220
564
253
805
177
580
843
145
404
131
503
105
495
643
647
78
119
56
623
389
388
914
440
753
762
834
535
994
799
505
698
582
109
960
457
519
309
277
349
788
351
411
614
161
273
185
13
848
603
185
471
425
526
872
326
9
642
640
92
537
962
451
483
523
898
195
348
738
201
189
998
952
603
715
541
159
839
471
533
977
266
149
980
872
792
268
665
323
369
546
908
17
306
778
618
560
20
724
830
870
175
652
49
928
173
847
909
225
994
764
825
67
916
859
932
537
115
208
199
710
495
852
799
298
535
698
786
74
751
900
895
36
770
178
606
446
483
41
308
660
508
362
442
451
499
135
185
42
231
462
979
208
93
189
430
542
121
324
468
202
244
137
619
153
692
109
497
984
685
416
693
594
372
456
551
196
967
30
390
770
68
801
395
759
116
767
983
952
628
135
527
773
138
433
593
871
500
332
272
733
582
715
428
743
276
744
86
252
721
363
557
253
576
917
950
329
271
347
186
884
98
604
806
539
429
818
171
617
283
865
742
918
597
181
77
982
996
525
854
258
685
793
949
816
145
689
436
146
38
104
30
169
630
540
472
924
127
423
633
934
727
754
139
464
539
23
551
479
679
834
648
911
907
934
477
336
42
431
131
311
94
885
936
859
99
283
762
251
189
777
517
86
178
823
198
561
2
486
160
796
849
762
352
860
470
779
362
537
896
180
916
712
456
534
77
804
394
553
542
720
791
665
227
59
432
764
68
266
72
620
483
827
178
649
327
891
746
785
226
913
91
521
281
862
68
401
264
782
708
873
795
553
985
102
979
32
8
454
953
651
931
896
996
461
634
195
7
410
620
872
707
141
414
211
635
700
273
92
837
612
111
950
172
942
116
756
175
370
295
901
232
927
165
669
69
68
327
538
88
746
131
24
436
264
215
938
875
229
523
436
744
786
22
766
98
161
214
158
622
154
851
905
85
796
672
682
285
223
676
976
705
112
824
556
376
92
150
490
891
344
164
419
930
932
51
790
847
