2
7
8
9
13
15
17
20
22
23
24
30
30
32
36
38
41
42
42
49
51
56
59
67
68
68
68
68
69
72
74
77
77
78
85
86
86
88
91
92
92
92
93
94
98
98
99
102
104
105
109
109
111
112
115
116
116
119
121
127
131
131
131
135
135
137
138
139
141
145
145
146
149
150
153
154
158
159
160
161
161
164
165
169
171
172
173
175
175
177
178
178
178
180
181
185
185
185
186
189
189
189
195
195
196
198
199
201
202
208
208
211
214
215
220
223
225
226
227
229
231
232
244
251
252
253
253
258
264
264
266
266
268
271
272
273
273
276
277
281
283
283
285
294
295
298
306
308
309
311
323
324
326
327
327
329
332
336
344
347
348
349
351
352
362
362
363
369
370
372
376
388
389
390
394
395
401
404
410
411
414
416
419
423
425
428
429
430
431
432
433
436
436
436
440
442
446
451
451
454
455
456
456
456
457
461
462
464
468
470
471
471
472
477
479
483
483
483
486
486
490
495
495
497
499
500
503
505
508
517
519
521
523
523
525
526
527
533
534
535
535
537
537
537
538
539
539
540
541
542
542
546
551
551
553
553
556
557
560
561
564
576
580
582
582
593
594
597
603
603
604
606
612
612
614
617
618
619
620
620
622
623
628
630
633
634
635
640
642
643
647
648
649
651
652
660
660
665
665
669
672
676
679
682
684
685
685
689
692
693
698
698
700
705
707
708
710
712
715
715
720
721
724
727
733
738
742
743
744
744
746
746
751
753
754
756
759
762
762
762
764
764
766
767
770
770
773
777
778
779
782
785
786
786
788
788
790
791
792
793
795
796
796
799
799
801
804
805
806
816
818
823
824
825
827
830
834
834
837
839
843
847
847
848
849
851
852
854
859
859
860
862
865
870
871
872
872
872
873
875
884
885
891
891
895
896
896
898
900
901
905
907
908
909
911
913
914
916
916
917
918
924
927
928
930
931
932
932
934
934
936
938
942
949
950
950
952
952
953
960
962
967
976
977
979
979
980
982
983
984
985
994
994
996
996
998
